   111 -0.106600 0.046400 -0.060400 -0.012656 0.005692 -0.999904 -0.189670 -0.981843 -0.003260 -0.981767 0.189610 0.013505 0.996718
   112 -0.106600 0.046400 -0.060400 -0.189670 -0.981843 -0.003260 0.012656 -0.005692 0.999904 -0.981767 0.189610 0.013505 -0.008256
   113 -0.106600 0.046400 -0.060400 -0.012656 0.005692 -0.999904 -0.189670 -0.981843 -0.003260 -0.981767 0.189610 0.013505 -0.002015
   121 -0.102000 0.063100 -0.025600 0.002788 0.004119 -0.999988 -0.255702 -0.966744 -0.004704 -0.966752 0.255711 -0.001642 0.994991
   122 -0.102000 0.063100 -0.025600 0.002788 0.004119 -0.999988 -0.255702 -0.966744 -0.004704 -0.966752 0.255711 -0.001642 -0.007581
   123 -0.102000 0.063100 -0.025600 -0.255702 -0.966744 -0.004704 -0.002788 -0.004119 0.999988 -0.966752 0.255711 -0.001642 -0.000533
   131 -0.108500 0.030200 -0.026600 0.011884 0.001459 -0.999928 -0.085136 -0.996366 -0.002429 -0.996299 0.085159 -0.011717 0.998740
   132 -0.108500 0.030200 -0.026600 0.011884 0.001459 -0.999928 -0.085136 -0.996366 -0.002429 -0.996299 0.085159 -0.011717 -0.008613
   133 -0.108500 0.030200 -0.026600 -0.085136 -0.996366 -0.002429 -0.011884 -0.001459 0.999928 -0.996299 0.085159 -0.011717 -0.000414
   141 -0.109900 0.013100 -0.062700 -0.032650 0.002338 -0.999464 -0.031720 -0.999496 -0.001363 -0.998963 0.031658 0.032708 1.000387
   142 -0.109900 0.013100 -0.062700 -0.031720 -0.999496 -0.001363 0.032650 -0.002338 0.999464 -0.998963 0.031658 0.032708 -0.010422
   143 -0.109900 0.013100 -0.062700 -0.032650 0.002338 -0.999464 -0.031720 -0.999496 -0.001363 -0.998963 0.031658 0.032708 -0.001769
   211 -0.107400 0.032900 0.008000 -0.056648 0.008248 -0.998360 -0.098849 -0.995099 -0.002646 -0.993489 0.098537 0.057185 1.001260
   212 -0.107400 0.032900 0.008000 -0.098849 -0.995099 -0.002646 0.056648 -0.008248 0.998360 -0.993489 0.098537 0.057185 -0.009788
   213 -0.107400 0.032900 0.008000 -0.056648 0.008248 -0.998360 -0.098849 -0.995099 -0.002646 -0.993489 0.098537 0.057185 -0.001539
   221 -0.098900 0.040300 0.041300 -0.340758 0.059404 -0.938273 -0.161158 -0.986921 -0.003942 -0.926235 0.149866 0.345874 1.003065
   222 -0.098900 0.040300 0.041300 -0.340758 0.059404 -0.938273 -0.161158 -0.986921 -0.003942 -0.926235 0.149866 0.345874 -0.006916
   223 -0.098900 0.040300 0.041300 -0.161158 -0.986921 -0.003942 0.340758 -0.059404 0.938273 -0.926235 0.149866 0.345874 -0.000893
   231 -0.101100 0.004400 0.040800 -0.346212 0.009005 -0.938113 0.046851 -0.998541 -0.026868 -0.936986 -0.053254 0.345285 1.004369
   232 -0.101100 0.004400 0.040800 -0.346212 0.009005 -0.938113 0.046851 -0.998541 -0.026868 -0.936986 -0.053254 0.345285 -0.008541
   233 -0.101100 0.004400 0.040800 0.046851 -0.998541 -0.026868 0.346212 -0.009005 0.938113 -0.936986 -0.053254 0.345285 -0.003585
   241 -0.108300 -0.001100 0.007100 -0.067121 -0.010393 -0.997691 0.091554 -0.995791 0.004253 -0.993536 -0.091056 0.067790 1.002856
   242 -0.108300 -0.001100 0.007100 0.091554 -0.995791 0.004253 0.067121 0.010393 0.997691 -0.993536 -0.091056 0.067790 -0.009624
   243 -0.108300 -0.001100 0.007100 -0.067121 -0.010393 -0.997691 0.091554 -0.995791 0.004253 -0.993536 -0.091056 0.067790 -0.002584
   311 -0.086100 0.098800 0.009000 -0.032477 0.116704 -0.992636 -0.487450 -0.868884 -0.086218 -0.872547 0.481059 0.085106 0.995756
   312 -0.086100 0.098800 0.009000 -0.487450 -0.868884 -0.086218 0.032477 -0.116704 0.992636 -0.872547 0.481059 0.085106 -0.014485
   313 -0.086100 0.098800 0.009000 -0.032477 0.116704 -0.992636 -0.487450 -0.868884 -0.086218 -0.872547 0.481059 0.085106 -0.002306
   321 -0.088700 0.075700 0.041200 -0.347315 0.117150 -0.930402 -0.369806 -0.928870 0.021092 -0.861752 0.351393 0.365933 1.001815
   322 -0.088700 0.075700 0.041200 -0.347315 0.117150 -0.930402 -0.369806 -0.928870 0.021092 -0.861752 0.351393 0.365933 -0.003445
   323 -0.088700 0.075700 0.041200 -0.369806 -0.928870 0.021092 0.347315 -0.117150 0.930402 -0.861752 0.351393 0.365933 -0.000664
   331 -0.070200 0.075800 0.070700 -0.590669 0.227221 -0.774261 -0.390924 -0.919991 0.028187 -0.705909 0.319327 0.632236 1.004040
   332 -0.070200 0.075800 0.070700 -0.390924 -0.919991 0.028187 0.590669 -0.227221 0.774261 -0.705909 0.319327 0.632236 -0.007587
   333 -0.070200 0.075800 0.070700 -0.590669 0.227221 -0.774261 -0.390924 -0.919991 0.028187 -0.705909 0.319327 0.632236 0.000116
   341 -0.100300 0.065900 0.008100 -0.068290 0.025444 -0.997341 -0.284429 -0.958684 -0.004990 -0.956262 0.283332 0.072705 0.999913
   342 -0.100300 0.065900 0.008100 -0.284429 -0.958684 -0.004990 0.068290 -0.025444 0.997341 -0.956262 0.283332 0.072705 -0.007020
   343 -0.100300 0.065900 0.008100 -0.068290 0.025444 -0.997341 -0.284429 -0.958684 -0.004990 -0.956262 0.283332 0.072705 -0.003051
   411 -0.080800 0.041300 0.072000 -0.639218 0.048486 -0.767495 -0.132440 -0.990041 0.047739 -0.757537 0.132162 0.639274 1.005062
   412 -0.080800 0.041300 0.072000 -0.132440 -0.990041 0.047739 0.639218 -0.048486 0.767495 -0.757537 0.132162 0.639274 -0.009164
   413 -0.080800 0.041300 0.072000 -0.639218 0.048486 -0.767495 -0.132440 -0.990041 0.047739 -0.757537 0.132162 0.639274 -0.000231
   421 -0.052600 0.040600 0.095200 -0.874933 -0.019709 -0.483842 -0.055668 -0.988458 0.140897 -0.481035 0.150210 0.863738 1.000129
   422 -0.052600 0.040600 0.095200 -0.874933 -0.019709 -0.483842 -0.055668 -0.988458 0.140897 -0.481035 0.150210 0.863738 -0.008261
   423 -0.052600 0.040600 0.095200 -0.055668 -0.988458 0.140897 0.874933 0.019709 0.483842 -0.481035 0.150210 0.863738 -0.002818
   431 -0.053700 0.005900 0.096900 -0.868925 -0.017730 -0.494627 0.026080 -0.999608 -0.010149 -0.494254 -0.021719 0.869046 0.997231
   432 -0.053700 0.005900 0.096900 -0.868925 -0.017730 -0.494627 0.026080 -0.999608 -0.010149 -0.494254 -0.021719 0.869046 -0.008869
   433 -0.053700 0.005900 0.096900 0.026080 -0.999608 -0.010149 0.868925 0.017730 0.494627 -0.494254 -0.021719 0.869046 -0.003203
   441 -0.082900 0.006200 0.072800 -0.643513 0.002394 -0.765431 0.044011 -0.998227 -0.040085 -0.764170 -0.059483 0.642266 1.003752
   442 -0.082900 0.006200 0.072800 0.044011 -0.998227 -0.040085 0.643513 -0.002394 0.765431 -0.764170 -0.059483 0.642266 -0.009433
   443 -0.082900 0.006200 0.072800 -0.643513 0.002394 -0.765431 0.044011 -0.998227 -0.040085 -0.764170 -0.059483 0.642266 -0.000790
   511 -0.063700 0.125400 0.013600 0.018779 0.217681 -0.975839 -0.793420 -0.590647 -0.147043 -0.608384 0.777012 0.161620 0.993989
   512 -0.063700 0.125400 0.013600 -0.793420 -0.590647 -0.147043 -0.018779 -0.217681 0.975839 -0.608384 0.777012 0.161620 -0.008374
   513 -0.063700 0.125400 0.013600 0.018779 0.217681 -0.975839 -0.793420 -0.590647 -0.147043 -0.608384 0.777012 0.161620 -0.002642
   521 -0.033200 0.139700 0.017400 0.010106 0.220295 -0.975381 -0.956622 -0.281891 -0.073564 -0.291157 0.933814 0.207891 0.994632
   522 -0.033200 0.139700 0.017400 -0.956622 -0.281891 -0.073564 -0.010106 -0.220295 0.975381 -0.291157 0.933814 0.207891 -0.006489
   523 -0.033200 0.139700 0.017400 0.010106 0.220295 -0.975381 -0.956622 -0.281891 -0.073564 -0.291157 0.933814 0.207891 -0.005034
   531 -0.033700 0.127400 0.048500 -0.052458 0.470586 -0.880794 -0.961072 -0.263373 -0.083522 -0.271282 0.842124 0.466083 0.998689
   532 -0.033700 0.127400 0.048500 -0.052458 0.470586 -0.880794 -0.961072 -0.263373 -0.083522 -0.271282 0.842124 0.466083 -0.010208
   533 -0.033700 0.127400 0.048500 -0.961072 -0.263373 -0.083522 0.052458 -0.470586 0.880794 -0.271282 0.842124 0.466083 -0.003424
   541 -0.067200 0.108900 0.044300 -0.173090 0.379514 -0.908850 -0.708318 -0.689152 -0.152823 -0.684335 0.617303 0.388102 0.998039
   542 -0.067200 0.108900 0.044300 -0.173090 0.379514 -0.908850 -0.708318 -0.689152 -0.152823 -0.684335 0.617303 0.388102 -0.005648
   543 -0.067200 0.108900 0.044300 -0.708318 -0.689152 -0.152823 0.173090 -0.379514 0.908850 -0.684335 0.617303 0.388102 -0.000497
   611 -0.035800 0.104800 0.075000 -0.007876 0.767445 -0.641066 -0.956651 -0.192409 -0.218627 -0.291131 0.611554 0.735693 1.002375
   612 -0.035800 0.104800 0.075000 -0.956651 -0.192409 -0.218627 0.007876 -0.767445 0.641066 -0.291131 0.611554 0.735693 -0.003454
   613 -0.035800 0.104800 0.075000 -0.007876 0.767445 -0.641066 -0.956651 -0.192409 -0.218627 -0.291131 0.611554 0.735693 -0.000269
   621 0.000100 0.077500 0.096700 0.000201 0.917237 -0.398341 -0.999999 -0.000288 -0.001387 -0.001387 0.398341 0.917236 1.001010
   622 0.000100 0.077500 0.096700 0.000201 0.917237 -0.398341 -0.999999 -0.000288 -0.001387 -0.001387 0.398341 0.917236 -0.004807
   623 0.000100 0.077500 0.096700 -0.999999 -0.000288 -0.001387 -0.000201 -0.917237 0.398341 -0.001387 0.398341 0.917236 -0.000334
   631 -0.018400 0.044000 0.106300 0.008486 0.981220 -0.192704 -0.991319 -0.016938 -0.130386 -0.131200 0.192138 0.972558 0.996981
   632 -0.018400 0.044000 0.106300 -0.991319 -0.016938 -0.130386 -0.008486 -0.981220 0.192704 -0.131200 0.192138 0.972558 -0.006304
   633 -0.018400 0.044000 0.106300 0.008486 0.981220 -0.192704 -0.991319 -0.016938 -0.130386 -0.131200 0.192138 0.972558 -0.003017
   641 -0.036800 0.075300 0.092200 -0.024970 0.896297 -0.442750 -0.952990 -0.155095 -0.260298 -0.301973 0.415437 0.858035 0.999333
   642 -0.036800 0.075300 0.092200 -0.024970 0.896297 -0.442750 -0.952990 -0.155095 -0.260298 -0.301973 0.415437 0.858035 -0.001258
   643 -0.036800 0.075300 0.092200 -0.952990 -0.155095 -0.260298 0.024970 -0.896297 0.442750 -0.301973 0.415437 0.858035 -0.000053
   711 -0.018500 0.010500 0.109600 -0.988948 -0.011917 -0.147786 0.013146 -0.999885 -0.007590 -0.147678 -0.009449 0.988990 0.992414
   712 -0.018500 0.010500 0.109600 0.013146 -0.999885 -0.007590 0.988948 0.011917 0.147786 -0.147678 -0.009449 0.988990 -0.005957
   713 -0.018500 0.010500 0.109600 -0.988948 -0.011917 -0.147786 0.013146 -0.999885 -0.007590 -0.147678 -0.009449 0.988990 -0.000587
   721 0.018600 0.010500 0.109600 0.988143 -0.007346 -0.153363 0.002227 0.999438 -0.033454 0.153522 0.032716 0.987603 0.992988
   722 0.018600 0.010500 0.109600 0.002227 0.999438 -0.033454 -0.988143 0.007346 0.153363 0.153522 0.032716 0.987603 -0.005687
   723 0.018600 0.010500 0.109600 0.988143 -0.007346 -0.153363 0.002227 0.999438 -0.033454 0.153522 0.032716 0.987603 -0.000151
   731 0.018600 -0.023300 0.105900 -0.036220 -0.970903 -0.236719 0.987994 0.000794 -0.154493 0.150186 -0.239473 0.959217 0.991670
   732 0.018600 -0.023300 0.105900 0.987994 0.000794 -0.154493 0.036220 0.970903 0.236719 0.150186 -0.239473 0.959217 -0.009043
   733 0.018600 -0.023300 0.105900 -0.036220 -0.970903 -0.236719 0.987994 0.000794 -0.154493 0.150186 -0.239473 0.959217 -0.002479
   741 -0.018500 -0.023700 0.105800 0.039175 -0.970215 -0.239058 0.991772 0.008494 0.127734 -0.121899 -0.242096 0.962564 0.991641
   742 -0.018500 -0.023700 0.105800 0.991772 0.008494 0.127734 -0.039175 0.970215 0.239058 -0.121899 -0.242096 0.962564 -0.004308
   743 -0.018500 -0.023700 0.105800 0.039175 -0.970215 -0.239058 0.991772 0.008494 0.127734 -0.121899 -0.242096 0.962564 -0.001284
   811 0.000100 0.144500 0.018700 -0.000308 0.252281 -0.967654 -0.999919 -0.012410 -0.002881 -0.012735 0.967574 0.252265 0.988837
   812 0.000100 0.144500 0.018700 -0.999919 -0.012410 -0.002881 0.000308 -0.252281 0.967654 -0.012735 0.967574 0.252265 -0.005698
   813 0.000100 0.144500 0.018700 -0.000308 0.252281 -0.967654 -0.999919 -0.012410 -0.002881 -0.012735 0.967574 0.252265 -0.002129
   821 0.000100 0.131600 0.050000 0.000689 0.503336 -0.864090 -0.999985 -0.004387 -0.003263 -0.005433 0.864080 0.503325 1.000568
   822 0.000100 0.131600 0.050000 0.000689 0.503336 -0.864090 -0.999985 -0.004387 -0.003263 -0.005433 0.864080 0.503325 -0.004924
   823 0.000100 0.131600 0.050000 -0.999985 -0.004387 -0.003263 -0.000689 -0.503336 0.864090 -0.005433 0.864080 0.503325 -0.000317
   911 0.033100 0.139700 0.017300 -0.005365 0.236272 -0.971672 -0.965211 0.252791 0.066814 0.261417 0.938227 0.226696 1.000065
   912 0.033100 0.139700 0.017300 -0.965211 0.252791 0.066814 0.005365 -0.236272 0.971672 0.261417 0.938227 0.226696 -0.004635
   913 0.033100 0.139700 0.017300 -0.005365 0.236272 -0.971672 -0.965211 0.252791 0.066814 0.261417 0.938227 0.226696 -0.001424
   921 0.063800 0.125300 0.013500 -0.021718 0.218261 -0.975649 -0.781704 0.604657 0.152734 0.623269 0.765986 0.157483 1.003218
   922 0.063800 0.125300 0.013500 -0.781704 0.604657 0.152734 0.021718 -0.218261 0.975649 0.623269 0.765986 0.157483 -0.005080
   923 0.063800 0.125300 0.013500 -0.021718 0.218261 -0.975649 -0.781704 0.604657 0.152734 0.623269 0.765986 0.157483 -0.002668
   931 0.067100 0.108800 0.044400 0.179375 0.381009 -0.907004 -0.710398 0.687960 0.148477 0.680554 0.617701 0.394071 1.006695
   932 0.067100 0.108800 0.044400 0.179375 0.381009 -0.907004 -0.710398 0.687960 0.148477 0.680554 0.617701 0.394071 -0.006888
   933 0.067100 0.108800 0.044400 -0.710398 0.687960 0.148477 -0.179375 -0.381009 0.907004 0.680554 0.617701 0.394071 -0.001304
   941 0.033800 0.127300 0.048600 0.057520 0.474968 -0.878121 -0.962855 0.258817 0.076969 0.263831 0.841076 0.472212 1.003136
   942 0.033800 0.127300 0.048600 0.057520 0.474968 -0.878121 -0.962855 0.258817 0.076969 0.263831 0.841076 0.472212 -0.007211
   943 0.033800 0.127300 0.048600 -0.962855 0.258817 0.076969 -0.057520 -0.474968 0.878121 0.263831 0.841076 0.472212 -0.000964
  1011 0.000100 0.109300 0.077100 0.000883 0.759852 -0.650096 -0.999790 -0.012681 -0.016094 -0.020474 0.649974 0.759681 1.003820
  1012 0.000100 0.109300 0.077100 -0.999790 -0.012681 -0.016094 -0.000883 -0.759852 0.650096 -0.020474 0.649974 0.759681 -0.000929
  1013 0.000100 0.109300 0.077100 0.000883 0.759852 -0.650096 -0.999790 -0.012681 -0.016094 -0.020474 0.649974 0.759681 -0.000017
  1021 0.035800 0.104800 0.075000 0.006118 0.766695 -0.641982 -0.960241 0.183712 0.210208 0.279105 0.615172 0.737336 1.005232
  1022 0.035800 0.104800 0.075000 -0.960241 0.183712 0.210208 -0.006118 -0.766695 0.641982 0.279105 0.615172 0.737336 -0.001458
  1023 0.035800 0.104800 0.075000 0.006118 0.766695 -0.641982 -0.960241 0.183712 0.210208 0.279105 0.615172 0.737336 0.000222
  1031 0.036800 0.075200 0.092300 0.030326 0.897534 -0.439901 -0.949903 0.162830 0.266778 0.311071 0.409773 0.857509 1.002048
  1032 0.036800 0.075200 0.092300 0.030326 0.897534 -0.439901 -0.949903 0.162830 0.266778 0.311071 0.409773 0.857509 -0.008232
  1033 0.036800 0.075200 0.092300 -0.949903 0.162830 0.266778 -0.030326 -0.897534 0.439901 0.311071 0.409773 0.857509 -0.001804
  1041 0.018400 0.044200 0.106200 -0.013699 0.979661 -0.200192 -0.993160 0.009900 0.116395 0.116010 0.200417 0.972825 1.000000
  1042 0.018400 0.044200 0.106200 -0.993160 0.009900 0.116395 0.013699 -0.979661 0.200192 0.116010 0.200417 0.972825 0.000274
  1043 0.018400 0.044200 0.106200 -0.013699 0.979661 -0.200192 -0.993160 0.009900 0.116395 0.116010 0.200417 0.972825 -0.001273
  1111 0.052500 0.040600 0.095300 0.873369 -0.018341 -0.486713 -0.056084 0.988853 -0.137931 0.483817 0.147762 0.862605 1.001156
  1112 0.052500 0.040600 0.095300 0.873369 -0.018341 -0.486713 -0.056084 0.988853 -0.137931 0.483817 0.147762 0.862605 -0.008691
  1113 0.052500 0.040600 0.095300 -0.056084 0.988853 -0.137931 -0.873369 0.018341 0.486713 0.483817 0.147762 0.862605 -0.004009
  1121 0.080900 0.041300 0.072100 0.641990 0.051644 -0.764972 -0.170057 0.982468 -0.076402 0.747614 0.179138 0.639517 1.003916
  1122 0.080900 0.041300 0.072100 -0.170057 0.982468 -0.076402 -0.641990 -0.051644 0.764972 0.747614 0.179138 0.639517 -0.002830
  1123 0.080900 0.041300 0.072100 0.641990 0.051644 -0.764972 -0.170057 0.982468 -0.076402 0.747614 0.179138 0.639517 -0.000064
  1131 0.082800 0.006100 0.072800 0.639603 0.000705 -0.768705 0.009543 0.999915 0.008894 0.768646 -0.013025 0.639542 1.002531
  1132 0.082800 0.006100 0.072800 0.009543 0.999915 0.008894 -0.639603 -0.000705 0.768705 0.768646 -0.013025 0.639542 -0.004433
  1133 0.082800 0.006100 0.072800 0.639603 0.000705 -0.768705 0.009543 0.999915 0.008894 0.768646 -0.013025 0.639542 0.000177
  1141 0.053500 0.006200 0.097000 0.868682 -0.018157 -0.495038 0.029491 0.999451 0.015099 0.494492 -0.027715 0.868740 0.997962
  1142 0.053500 0.006200 0.097000 0.868682 -0.018157 -0.495038 0.029491 0.999451 0.015099 0.494492 -0.027715 0.868740 -0.008042
  1143 0.053500 0.006200 0.097000 0.029491 0.999451 0.015099 -0.868682 0.018157 0.495038 0.494492 -0.027715 0.868740 -0.002850
  1211 0.086200 0.098600 0.008900 0.046387 0.120107 -0.991677 -0.502479 0.860811 0.080742 0.863343 0.494552 0.100282 1.003095
  1212 0.086200 0.098600 0.008900 -0.502479 0.860811 0.080742 -0.046387 -0.120107 0.991677 0.863343 0.494552 0.100282 -0.005844
  1213 0.086200 0.098600 0.008900 0.046387 0.120107 -0.991677 -0.502479 0.860811 0.080742 0.863343 0.494552 0.100282 -0.002380
  1221 0.100300 0.066000 0.008200 0.071680 0.029026 -0.997005 -0.317543 0.948232 0.004838 0.945532 0.316245 0.077186 1.002404
  1222 0.100300 0.066000 0.008200 -0.317543 0.948232 0.004838 -0.071680 -0.029026 0.997005 0.945532 0.316245 0.077186 -0.006174
  1223 0.100300 0.066000 0.008200 0.071680 0.029026 -0.997005 -0.317543 0.948232 0.004838 0.945532 0.316245 0.077186 -0.005481
  1231 0.088700 0.075700 0.041200 0.347465 0.117225 -0.930337 -0.370614 0.928539 -0.021449 0.861340 0.352249 0.366080 1.004154
  1232 0.088700 0.075700 0.041200 0.347465 0.117225 -0.930337 -0.370614 0.928539 -0.021449 0.861340 0.352249 0.366080 -0.011183
  1233 0.088700 0.075700 0.041200 -0.370614 0.928539 -0.021449 -0.347465 -0.117225 0.930337 0.861340 0.352249 0.366080 -0.004453
  1241 0.069900 0.075800 0.070900 0.611010 0.237343 -0.755206 -0.425206 0.903097 -0.060124 0.667754 0.357854 0.652721 1.005408
  1242 0.069900 0.075800 0.070900 -0.425206 0.903097 -0.060124 -0.611010 -0.237343 0.755206 0.667754 0.357854 0.652721 -0.007722
  1243 0.069900 0.075800 0.070900 0.611010 0.237343 -0.755206 -0.425206 0.903097 -0.060124 0.667754 0.357854 0.652721 -0.000973
  1311 0.098900 0.040400 0.041300 0.342953 0.060592 -0.937396 -0.164184 0.986423 0.003629 0.924889 0.152661 0.348245 1.001822
  1312 0.098900 0.040400 0.041300 0.342953 0.060592 -0.937396 -0.164184 0.986423 0.003629 0.924889 0.152661 0.348245 -0.010026
  1313 0.098900 0.040400 0.041300 -0.164184 0.986423 0.003629 -0.342953 -0.060592 0.937396 0.924889 0.152661 0.348245 -0.001886
  1321 0.107400 0.032900 0.008100 0.061782 0.011291 -0.998026 -0.134468 0.990914 0.002889 0.988990 0.134024 0.062739 0.999336
  1322 0.107400 0.032900 0.008100 -0.134468 0.990914 0.002889 -0.061782 -0.011291 0.998026 0.988990 0.134024 0.062739 -0.009838
  1323 0.107400 0.032900 0.008100 0.061782 0.011291 -0.998026 -0.134468 0.990914 0.002889 0.988990 0.134024 0.062739 -0.002657
  1331 0.108300 -0.001100 0.006800 0.053322 -0.002442 -0.998574 0.056934 0.998378 0.000634 0.996953 -0.056887 0.053375 0.999313
  1332 0.108300 -0.001100 0.006800 0.056934 0.998378 0.000634 -0.053322 0.002442 0.998574 0.996953 -0.056887 0.053375 -0.011929
  1333 0.108300 -0.001100 0.006800 0.053322 -0.002442 -0.998574 0.056934 0.998378 0.000634 0.996953 -0.056887 0.053375 -0.004394
  1341 0.101000 0.004400 0.041000 0.347248 0.008071 -0.937739 0.038893 0.998980 0.022959 0.936967 -0.044444 0.346580 1.000966
  1342 0.101000 0.004400 0.041000 0.347248 0.008071 -0.937739 0.038893 0.998980 0.022959 0.936967 -0.044444 0.346580 -0.006331
  1343 0.101000 0.004400 0.041000 0.038893 0.998980 0.022959 -0.347248 -0.008071 0.937739 0.936967 -0.044444 0.346580 -0.001360
  1411 0.102000 0.063000 -0.026000 -0.008374 0.005249 -0.999951 -0.285000 0.958499 0.007439 0.958491 0.285048 -0.006530 1.001106
  1412 0.102000 0.063000 -0.026000 -0.008374 0.005249 -0.999951 -0.285000 0.958499 0.007439 0.958491 0.285048 -0.006530 -0.001945
  1413 0.102000 0.063000 -0.026000 -0.285000 0.958499 0.007439 0.008374 -0.005249 0.999951 0.958491 0.285048 -0.006530 -0.000940
  1421 0.106500 0.046900 -0.060000 0.014843 0.008821 -0.999851 -0.181204 0.983427 0.005978 0.983333 0.181088 0.016196 1.000232
  1422 0.106500 0.046900 -0.060000 -0.181204 0.983427 0.005978 -0.014843 -0.008821 0.999851 0.983333 0.181088 0.016196 -0.007651
  1423 0.106500 0.046900 -0.060000 0.014843 0.008821 -0.999851 -0.181204 0.983427 0.005978 0.983333 0.181088 0.016196 -0.003731
  1431 0.109800 0.013100 -0.062200 0.029989 0.004569 -0.999540 -0.006580 0.999969 0.004332 0.999529 0.006447 0.030017 0.999894
  1432 0.109800 0.013100 -0.062200 -0.006580 0.999969 0.004332 -0.029989 -0.004569 0.999540 0.999529 0.006447 0.030017 -0.005408
  1433 0.109800 0.013100 -0.062200 0.029989 0.004569 -0.999540 -0.006580 0.999969 0.004332 0.999529 0.006447 0.030017 -0.001263
  1441 0.108300 0.030100 -0.026200 -0.008489 0.004245 -0.999955 -0.108778 0.994052 0.005214 0.994030 0.108818 -0.007976 0.999175
  1442 0.108300 0.030100 -0.026200 -0.008489 0.004245 -0.999955 -0.108778 0.994052 0.005214 0.994030 0.108818 -0.007976 -0.003846
  1443 0.108300 0.030100 -0.026200 -0.108778 0.994052 0.005214 0.008489 -0.004245 0.999955 0.994030 0.108818 -0.007976 -0.000451
  1511 -0.108800 -0.003200 -0.028400 0.022423 0.000955 -0.999748 0.088957 -0.996035 0.000987 -0.995783 -0.088956 -0.022420 1.000617
  1512 -0.108800 -0.003200 -0.028400 0.022423 0.000955 -0.999748 0.088957 -0.996035 0.000987 -0.995783 -0.088956 -0.022420 -0.009782
  1513 -0.108800 -0.003200 -0.028400 0.088957 -0.996035 0.000987 -0.022423 -0.000955 0.999748 -0.995783 -0.088956 -0.022420 -0.000984
  1521 -0.101700 -0.036000 -0.028100 0.031204 0.003928 -0.999505 0.346994 -0.937840 0.007190 -0.937348 -0.347046 -0.030627 1.000999
  1522 -0.101700 -0.036000 -0.028100 0.031204 0.003928 -0.999505 0.346994 -0.937840 0.007190 -0.937348 -0.347046 -0.030627 -0.005207
  1523 -0.101700 -0.036000 -0.028100 0.346994 -0.937840 0.007190 -0.031204 -0.003928 0.999505 -0.937348 -0.347046 -0.030627 -0.000102
  1531 -0.095100 -0.052400 -0.062300 -0.024810 -0.004656 -0.999681 0.449595 -0.893205 -0.006970 -0.892888 -0.449625 0.024254 1.003321
  1532 -0.095100 -0.052400 -0.062300 0.449595 -0.893205 -0.006970 0.024810 0.004656 0.999681 -0.892888 -0.449625 0.024254 -0.008854
  1533 -0.095100 -0.052400 -0.062300 -0.024810 -0.004656 -0.999681 0.449595 -0.893205 -0.006970 -0.892888 -0.449625 0.024254 -0.001558
  1541 -0.106800 -0.020500 -0.062500 -0.028921 -0.001235 -0.999581 0.184194 -0.982881 -0.004127 -0.982464 -0.184237 0.028654 1.001351
  1542 -0.106800 -0.020500 -0.062500 0.184194 -0.982881 -0.004127 0.028921 0.001235 0.999581 -0.982464 -0.184237 0.028654 -0.010205
  1543 -0.106800 -0.020500 -0.062500 -0.028921 -0.001235 -0.999581 0.184194 -0.982881 -0.004127 -0.982464 -0.184237 0.028654 -0.002209
  1611 -0.101700 -0.033900 0.005600 -0.061548 -0.029131 -0.997679 0.338451 -0.940960 0.006647 -0.938970 -0.337257 0.067774 1.002973
  1612 -0.101700 -0.033900 0.005600 0.338451 -0.940960 0.006647 0.061548 0.029131 0.997679 -0.938970 -0.337257 0.067774 -0.004737
  1613 -0.101700 -0.033900 0.005600 -0.061548 -0.029131 -0.997679 0.338451 -0.940960 0.006647 -0.938970 -0.337257 0.067774 -0.000445
  1621 -0.095200 -0.030800 0.039100 -0.319876 -0.056531 -0.945771 0.311491 -0.949009 -0.048538 -0.894802 -0.310125 0.321174 1.004133
  1622 -0.095200 -0.030800 0.039100 -0.319876 -0.056531 -0.945771 0.311491 -0.949009 -0.048538 -0.894802 -0.310125 0.321174 -0.009561
  1623 -0.095200 -0.030800 0.039100 0.311491 -0.949009 -0.048538 0.319876 0.056531 0.945771 -0.894802 -0.310125 0.321174 -0.001550
  1631 -0.078100 -0.062800 0.039400 -0.257711 -0.198350 -0.945644 0.601381 -0.798954 0.003660 -0.756252 -0.567748 0.325184 1.003817
  1632 -0.078100 -0.062800 0.039400 -0.257711 -0.198350 -0.945644 0.601381 -0.798954 0.003660 -0.756252 -0.567748 0.325184 -0.000772
  1633 -0.078100 -0.062800 0.039400 0.601381 -0.798954 0.003660 0.257711 0.198350 0.945644 -0.756252 -0.567748 0.325184 0.000007
  1641 -0.086600 -0.064000 0.005500 -0.057911 -0.046456 -0.997240 0.573847 -0.818948 0.004773 -0.816910 -0.571987 0.074085 1.003051
  1642 -0.086600 -0.064000 0.005500 0.573847 -0.818948 0.004773 0.057911 0.046456 0.997240 -0.816910 -0.571987 0.074085 -0.005685
  1643 -0.086600 -0.064000 0.005500 -0.057911 -0.046456 -0.997240 0.573847 -0.818948 0.004773 -0.816910 -0.571987 0.074085 -0.000794
  1711 -0.075800 -0.079700 -0.062100 -0.010399 -0.024725 -0.999640 0.665010 -0.746746 0.011508 -0.746762 -0.664650 0.024207 1.002058
  1712 -0.075800 -0.079700 -0.062100 0.665010 -0.746746 0.011508 0.010399 0.024725 0.999640 -0.746762 -0.664650 0.024207 -0.005289
  1713 -0.075800 -0.079700 -0.062100 -0.010399 -0.024725 -0.999640 0.665010 -0.746746 0.011508 -0.746762 -0.664650 0.024207 -0.001847
  1721 -0.086100 -0.066000 -0.028200 0.025245 0.011121 -0.999619 0.580065 -0.814551 0.005583 -0.814179 -0.579985 -0.027014 1.000869
  1722 -0.086100 -0.066000 -0.028200 0.025245 0.011121 -0.999619 0.580065 -0.814551 0.005583 -0.814179 -0.579985 -0.027014 -0.007547
  1723 -0.086100 -0.066000 -0.028200 0.580065 -0.814551 0.005583 -0.025245 -0.011121 0.999619 -0.814179 -0.579985 -0.027014 -0.001040
  1731 -0.063200 -0.090500 -0.027800 0.026467 0.037942 -0.998929 0.812040 -0.583601 -0.000599 -0.582999 -0.811155 -0.046257 0.998724
  1732 -0.063200 -0.090500 -0.027800 0.026467 0.037942 -0.998929 0.812040 -0.583601 -0.000599 -0.582999 -0.811155 -0.046257 -0.003237
  1733 -0.063200 -0.090500 -0.027800 0.812040 -0.583601 -0.000599 -0.026467 -0.037942 0.998929 -0.582999 -0.811155 -0.046257 -0.000867
  1741 -0.048900 -0.099400 -0.062100 -0.017792 -0.027012 -0.999477 0.885198 -0.465205 -0.003177 -0.464875 -0.884791 0.032189 1.000585
  1742 -0.048900 -0.099400 -0.062100 0.885198 -0.465205 -0.003177 0.017792 0.027012 0.999477 -0.464875 -0.884791 0.032189 -0.007436
  1743 -0.048900 -0.099400 -0.062100 -0.017792 -0.027012 -0.999477 0.885198 -0.465205 -0.003177 -0.464875 -0.884791 0.032189 -0.001461
  1811 -0.078600 -0.028700 0.069600 -0.616817 -0.040635 -0.786057 0.252067 -0.956268 -0.148373 -0.745652 -0.289658 0.600085 1.002087
  1812 -0.078600 -0.028700 0.069600 0.252067 -0.956268 -0.148373 0.616817 0.040635 0.786057 -0.745652 -0.289658 0.600085 -0.004792
  1813 -0.078600 -0.028700 0.069600 -0.616817 -0.040635 -0.786057 0.252067 -0.956268 -0.148373 -0.745652 -0.289658 0.600085 0.000346
  1821 -0.051800 -0.027700 0.092700 -0.859269 0.025210 -0.510902 0.107656 -0.967459 -0.228984 -0.500049 -0.251761 0.828594 0.996973
  1822 -0.051800 -0.027700 0.092700 -0.859269 0.025210 -0.510902 0.107656 -0.967459 -0.228984 -0.500049 -0.251761 0.828594 -0.006462
  1823 -0.051800 -0.027700 0.092700 0.107656 -0.967459 -0.228984 0.859269 -0.025210 0.510902 -0.500049 -0.251761 0.828594 -0.000948
  1831 -0.018100 -0.054200 0.092300 0.069644 -0.845244 -0.529823 0.988216 -0.014083 0.152419 -0.136293 -0.534194 0.834302 0.992257
  1832 -0.018100 -0.054200 0.092300 0.069644 -0.845244 -0.529823 0.988216 -0.014083 0.152419 -0.136293 -0.534194 0.834302 -0.005914
  1833 -0.018100 -0.054200 0.092300 0.988216 -0.014083 0.152419 -0.069644 0.845244 0.529823 -0.136293 -0.534194 0.834302 0.000543
  1841 -0.055200 -0.062700 0.070700 -0.380588 -0.495754 -0.780629 0.777565 -0.628483 0.020048 -0.500551 -0.599359 0.624673 0.999468
  1842 -0.055200 -0.062700 0.070700 0.777565 -0.628483 0.020048 0.380588 0.495754 0.780629 -0.500551 -0.599359 0.624673 -0.005719
  1843 -0.055200 -0.062700 0.070700 -0.380588 -0.495754 -0.780629 0.777565 -0.628483 0.020048 -0.500551 -0.599359 0.624673 0.001104
  1911 -0.051300 -0.086100 0.039700 -0.153137 -0.298668 -0.941991 0.883210 -0.468949 0.005140 -0.443281 -0.831189 0.335600 1.001321
  1912 -0.051300 -0.086100 0.039700 -0.153137 -0.298668 -0.941991 0.883210 -0.468949 0.005140 -0.443281 -0.831189 0.335600 -0.007304
  1913 -0.051300 -0.086100 0.039700 0.883210 -0.468949 0.005140 0.153137 0.298668 0.941991 -0.443281 -0.831189 0.335600 -0.000709
  1921 -0.033500 -0.103300 0.006200 -0.042699 -0.135518 -0.989854 0.960889 -0.276913 -0.003541 -0.273623 -0.951291 0.142041 1.000347
  1922 -0.033500 -0.103300 0.006200 0.960889 -0.276913 -0.003541 0.042699 0.135518 0.989854 -0.273623 -0.951291 0.142041 -0.000277
  1923 -0.033500 -0.103300 0.006200 -0.042699 -0.135518 -0.989854 0.960889 -0.276913 -0.003541 -0.273623 -0.951291 0.142041 0.000810
  1931 -0.033100 -0.105100 -0.027800 0.008566 0.024502 -0.999663 0.955224 -0.295884 0.000929 -0.295761 -0.954910 -0.025939 0.997377
  1932 -0.033100 -0.105100 -0.027800 0.008566 0.024502 -0.999663 0.955224 -0.295884 0.000929 -0.295761 -0.954910 -0.025939 -0.005905
  1933 -0.033100 -0.105100 -0.027800 0.955224 -0.295884 0.000929 -0.008566 -0.024502 0.999663 -0.295761 -0.954910 -0.025939 -0.001310
  1941 -0.063600 -0.088400 0.006000 -0.063020 -0.084520 -0.994427 0.806146 -0.591716 -0.000751 -0.588355 -0.801701 0.105425 1.001831
  1942 -0.063600 -0.088400 0.006000 0.806146 -0.591716 -0.000751 0.063020 0.084520 0.994427 -0.588355 -0.801701 0.105425 -0.004173
  1943 -0.063600 -0.088400 0.006000 -0.063020 -0.084520 -0.994427 0.806146 -0.591716 -0.000751 -0.588355 -0.801701 0.105425 -0.000096
  2011 -0.018600 -0.080100 0.069000 -0.001714 -0.624971 -0.780646 0.992839 -0.094320 0.073317 -0.119452 -0.774930 0.620657 0.997235
  2012 -0.018600 -0.080100 0.069000 0.992839 -0.094320 0.073317 0.001714 0.624971 0.780646 -0.119452 -0.774930 0.620657 -0.009569
  2013 -0.018600 -0.080100 0.069000 -0.001714 -0.624971 -0.780646 0.992839 -0.094320 0.073317 -0.119452 -0.774930 0.620657 -0.003386
  2021 0.018600 -0.080200 0.068900 0.000881 -0.623224 -0.782043 0.986623 0.128043 -0.100896 0.163016 -0.771493 0.615000 0.997670
  2022 0.018600 -0.080200 0.068900 0.986623 0.128043 -0.100896 -0.000881 0.623224 0.782043 0.163016 -0.771493 0.615000 -0.004924
  2023 0.018600 -0.080200 0.068900 0.000881 -0.623224 -0.782043 0.986623 0.128043 -0.100896 0.163016 -0.771493 0.615000 -0.001114
  2031 0.016900 -0.097200 0.039700 0.000081 -0.375312 -0.926898 0.988993 0.137176 -0.055452 0.147960 -0.916692 0.371193 1.000099
  2032 0.016900 -0.097200 0.039700 0.000081 -0.375312 -0.926898 0.988993 0.137176 -0.055452 0.147960 -0.916692 0.371193 -0.006400
  2033 0.016900 -0.097200 0.039700 0.988993 0.137176 -0.055452 -0.000081 0.375312 0.926898 0.147960 -0.916692 0.371193 0.000682
  2041 -0.017000 -0.097200 0.039700 -0.000744 -0.375445 -0.926844 0.991218 -0.122821 0.049013 -0.132238 -0.918668 0.372239 0.999430
  2042 -0.017000 -0.097200 0.039700 -0.000744 -0.375445 -0.926844 0.991218 -0.122821 0.049013 -0.132238 -0.918668 0.372239 -0.004453
  2043 -0.017000 -0.097200 0.039700 0.991218 -0.122821 0.049013 0.000744 0.375445 0.926844 -0.132238 -0.918668 0.372239 -0.000448
  2111 0.000000 -0.108600 0.007000 -0.000265 -0.161104 -0.986937 0.999715 0.023512 -0.004120 0.023869 -0.986657 0.161053 0.999954
  2112 0.000000 -0.108600 0.007000 0.999715 0.023512 -0.004120 0.000265 0.161104 0.986937 0.023869 -0.986657 0.161053 -0.008251
  2113 0.000000 -0.108600 0.007000 -0.000265 -0.161104 -0.986937 0.999715 0.023512 -0.004120 0.023869 -0.986657 0.161053 0.000589
  2121 0.000000 -0.110600 -0.027500 0.000016 0.037951 -0.999280 0.999925 0.012264 0.000498 0.012274 -0.999204 -0.037948 0.996878
  2122 0.000000 -0.110600 -0.027500 0.000016 0.037951 -0.999280 0.999925 0.012264 0.000498 0.012274 -0.999204 -0.037948 -0.004953
  2123 0.000000 -0.110600 -0.027500 0.999925 0.012264 0.000498 -0.000016 -0.037951 0.999280 0.012274 -0.999204 -0.037948 -0.000802
  2131 0.017000 -0.109800 -0.061800 0.010848 -0.020936 -0.999722 0.988407 0.151636 0.007613 0.151434 -0.988215 0.022338 0.999723
  2132 0.017000 -0.109800 -0.061800 0.988407 0.151636 0.007613 -0.010848 0.020936 0.999722 0.151434 -0.988215 0.022338 -0.005730
  2133 0.017000 -0.109800 -0.061800 0.010848 -0.020936 -0.999722 0.988407 0.151636 0.007613 0.151434 -0.988215 0.022338 -0.000148
  2141 -0.017100 -0.109800 -0.061900 -0.007000 -0.016334 -0.999842 0.980803 -0.194968 -0.003645 -0.194877 -0.980674 0.017386 0.999327
  2142 -0.017100 -0.109800 -0.061900 0.980803 -0.194968 -0.003645 0.007000 0.016334 0.999842 -0.194877 -0.980674 0.017386 -0.006178
  2143 -0.017100 -0.109800 -0.061900 -0.007000 -0.016334 -0.999842 0.980803 -0.194968 -0.003645 -0.194877 -0.980674 0.017386 -0.002595
  2211 0.051700 -0.027600 0.092800 0.861559 0.026194 -0.506981 0.108182 0.966255 0.233768 0.495997 -0.256251 0.829652 0.998001
  2212 0.051700 -0.027600 0.092800 0.861559 0.026194 -0.506981 0.108182 0.966255 0.233768 0.495997 -0.256251 0.829652 -0.005299
  2213 0.051700 -0.027600 0.092800 0.108182 0.966255 0.233768 -0.861559 -0.026194 0.506981 0.495997 -0.256251 0.829652 -0.002163
  2221 0.078600 -0.028400 0.069800 0.628843 -0.043165 -0.776333 0.223992 0.966179 0.127773 0.744562 -0.254241 0.617243 1.002103
  2222 0.078600 -0.028400 0.069800 0.223992 0.966179 0.127773 -0.628843 0.043165 0.776333 0.744562 -0.254241 0.617243 -0.008499
  2223 0.078600 -0.028400 0.069800 0.628843 -0.043165 -0.776333 0.223992 0.966179 0.127773 0.744562 -0.254241 0.617243 -0.003134
  2231 0.055300 -0.062800 0.070600 0.378714 -0.494415 -0.782387 0.762364 0.645958 -0.039223 0.524782 -0.581609 0.621558 1.000449
  2232 0.055300 -0.062800 0.070600 0.762364 0.645958 -0.039223 -0.378714 0.494415 0.782387 0.524782 -0.581609 0.621558 -0.007378
  2233 0.055300 -0.062800 0.070600 0.378714 -0.494415 -0.782387 0.762364 0.645958 -0.039223 0.524782 -0.581609 0.621558 -0.004786
  2241 0.018200 -0.054200 0.092200 -0.069763 -0.841864 -0.535162 0.988878 0.012260 -0.148224 0.131346 -0.539551 0.831645 0.993141
  2242 0.018200 -0.054200 0.092200 -0.069763 -0.841864 -0.535162 0.988878 0.012260 -0.148224 0.131346 -0.539551 0.831645 -0.007552
  2243 0.018200 -0.054200 0.092200 0.988878 0.012260 -0.148224 0.069763 0.841864 0.535162 0.131346 -0.539551 0.831645 -0.004518
  2311 0.051300 -0.086100 0.039700 0.149845 -0.296404 -0.943234 0.878913 0.476873 -0.010259 0.452844 -0.827483 0.331970 1.001615
  2312 0.051300 -0.086100 0.039700 0.149845 -0.296404 -0.943234 0.878913 0.476873 -0.010259 0.452844 -0.827483 0.331970 -0.003079
  2313 0.051300 -0.086100 0.039700 0.878913 0.476873 -0.010259 -0.149845 0.296404 0.943234 0.452844 -0.827483 0.331970 -0.000851
  2321 0.063700 -0.088400 0.006200 0.055312 -0.069841 -0.996024 0.803897 0.594761 0.002990 0.592187 -0.800866 0.089042 1.001233
  2322 0.063700 -0.088400 0.006200 0.803897 0.594761 0.002990 -0.055312 0.069841 0.996024 0.592187 -0.800866 0.089042 -0.004646
  2323 0.063700 -0.088400 0.006200 0.055312 -0.069841 -0.996024 0.803897 0.594761 0.002990 0.592187 -0.800866 0.089042 -0.000031
  2331 0.033000 -0.105100 -0.027700 -0.005920 0.026391 -0.999634 0.947797 0.318862 0.002792 0.318818 -0.947434 -0.026901 0.997428
  2332 0.033000 -0.105100 -0.027700 -0.005920 0.026391 -0.999634 0.947797 0.318862 0.002792 0.318818 -0.947434 -0.026901 -0.003430
  2333 0.033000 -0.105100 -0.027700 0.947797 0.318862 0.002792 0.005920 -0.026391 0.999634 0.318818 -0.947434 -0.026901 -0.000551
  2341 0.033300 -0.103400 0.006300 0.040162 -0.119333 -0.992042 0.947202 0.320638 -0.000219 0.318112 -0.939655 0.125909 1.001050
  2342 0.033300 -0.103400 0.006300 0.947202 0.320638 -0.000219 -0.040162 0.119333 0.992042 0.318112 -0.939655 0.125909 -0.006271
  2343 0.033300 -0.103400 0.006300 0.040162 -0.119333 -0.992042 0.947202 0.320638 -0.000219 0.318112 -0.939655 0.125909 -0.000383
  2411 0.095200 -0.030600 0.039200 0.311823 -0.059469 -0.948277 0.306022 0.951141 0.040998 0.899508 -0.302978 0.314787 1.001483
  2412 0.095200 -0.030600 0.039200 0.311823 -0.059469 -0.948277 0.306022 0.951141 0.040998 0.899508 -0.302978 0.314787 -0.006512
  2413 0.095200 -0.030600 0.039200 0.306022 0.951141 0.040998 -0.311823 0.059469 0.948277 0.899508 -0.302978 0.314787 -0.003596
  2421 0.101700 -0.033800 0.005800 0.059641 -0.026163 -0.997877 0.314981 0.949079 -0.006029 0.947222 -0.313952 0.064845 1.000282
  2422 0.101700 -0.033800 0.005800 0.314981 0.949079 -0.006029 -0.059641 0.026163 0.997877 0.947222 -0.313952 0.064845 -0.012130
  2423 0.101700 -0.033800 0.005800 0.059641 -0.026163 -0.997877 0.314981 0.949079 -0.006029 0.947222 -0.313952 0.064845 -0.004151
  2431 0.086600 -0.063900 0.005600 0.058750 -0.043915 -0.997306 0.547529 0.836775 -0.004558 0.834721 -0.545786 0.073205 1.000245
  2432 0.086600 -0.063900 0.005600 0.547529 0.836775 -0.004558 -0.058750 0.043915 0.997306 0.834721 -0.545786 0.073205 -0.005866
  2433 0.086600 -0.063900 0.005600 0.058750 -0.043915 -0.997306 0.547529 0.836775 -0.004558 0.834721 -0.545786 0.073205 -0.001996
  2441 0.078100 -0.062900 0.039400 0.255982 -0.200902 -0.945575 0.593927 0.804456 -0.010063 0.762695 -0.559026 0.325248 1.002663
  2442 0.078100 -0.062900 0.039400 0.255982 -0.200902 -0.945575 0.593927 0.804456 -0.010063 0.762695 -0.559026 0.325248 -0.007564
  2443 0.078100 -0.062900 0.039400 0.593927 0.804456 -0.010063 -0.255982 0.200902 0.945575 0.762695 -0.559026 0.325248 -0.001916
  2511 0.063000 -0.090600 -0.027600 -0.024992 0.040680 -0.998860 0.802767 0.596278 0.004148 0.595766 -0.801749 -0.047559 0.997888
  2512 0.063000 -0.090600 -0.027600 -0.024992 0.040680 -0.998860 0.802767 0.596278 0.004148 0.595766 -0.801749 -0.047559 -0.005049
  2513 0.063000 -0.090600 -0.027600 0.802767 0.596278 0.004148 0.024992 -0.040680 0.998860 0.595766 -0.801749 -0.047559 -0.000972
  2521 0.086100 -0.066100 -0.028000 -0.023459 0.013186 -0.999638 0.562032 0.827112 -0.002311 0.826782 -0.561883 -0.026814 0.997921
  2522 0.086100 -0.066100 -0.028000 -0.023459 0.013186 -0.999638 0.562032 0.827112 -0.002311 0.826782 -0.561883 -0.026814 -0.007379
  2523 0.086100 -0.066100 -0.028000 0.562032 0.827112 -0.002311 0.023459 -0.013186 0.999638 0.826782 -0.561883 -0.026814 -0.002128
  2531 0.075700 -0.079800 -0.062000 0.020996 -0.007428 -0.999752 0.705057 0.709086 0.009610 0.708839 -0.705083 0.020125 0.999695
  2532 0.075700 -0.079800 -0.062000 0.705057 0.709086 0.009610 -0.020996 0.007428 0.999752 0.708839 -0.705083 0.020125 -0.002802
  2533 0.075700 -0.079800 -0.062000 0.020996 -0.007428 -0.999752 0.705057 0.709086 0.009610 0.708839 -0.705083 0.020125 -0.000483
  2541 0.048800 -0.099400 -0.062100 0.015969 -0.017638 -0.999717 0.908902 0.416948 0.007237 0.416703 -0.908760 0.022689 0.999858
  2542 0.048800 -0.099400 -0.062100 0.908902 0.416948 0.007237 -0.015969 0.017638 0.999717 0.416703 -0.908760 0.022689 -0.002657
  2543 0.048800 -0.099400 -0.062100 0.015969 -0.017638 -0.999717 0.908902 0.416948 0.007237 0.416703 -0.908760 0.022689 -0.001179
  2611 0.108700 -0.003300 -0.028000 -0.018382 0.003241 -0.999826 0.069007 0.997614 0.001936 0.997447 -0.068960 -0.018561 0.995713
  2612 0.108700 -0.003300 -0.028000 -0.018382 0.003241 -0.999826 0.069007 0.997614 0.001936 0.997447 -0.068960 -0.018561 -0.005992
  2613 0.108700 -0.003300 -0.028000 0.069007 0.997614 0.001936 0.018382 -0.003241 0.999826 0.997447 -0.068960 -0.018561 -0.000079
  2621 0.106800 -0.020600 -0.062100 0.022660 0.002329 -0.999741 0.227035 0.973859 0.007394 0.973623 -0.227144 0.021538 1.000354
  2622 0.106800 -0.020600 -0.062100 0.227035 0.973859 0.007394 -0.022660 -0.002329 0.999741 0.973623 -0.227144 0.021538 -0.001834
  2623 0.106800 -0.020600 -0.062100 0.022660 0.002329 -0.999741 0.227035 0.973859 0.007394 0.973623 -0.227144 0.021538 -0.000128
  2631 0.095100 -0.052400 -0.062000 0.024854 -0.001988 -0.999689 0.483865 0.875083 0.010243 0.874790 -0.483969 0.022711 1.001233
  2632 0.095100 -0.052400 -0.062000 0.483865 0.875083 0.010243 -0.024854 0.001988 0.999689 0.874790 -0.483969 0.022711 -0.004267
  2633 0.095100 -0.052400 -0.062000 0.024854 -0.001988 -0.999689 0.483865 0.875083 0.010243 0.874790 -0.483969 0.022711 -0.000552
  2641 0.101700 -0.036100 -0.027800 -0.026867 0.005072 -0.999626 0.330583 0.943768 -0.004117 0.943395 -0.330569 -0.027034 0.997394
  2642 0.101700 -0.036100 -0.027800 -0.026889 0.005011 -0.999626 0.330581 0.943768 -0.004182 0.943394 -0.330569 -0.027034 -0.005341
  2643 0.101700 -0.036100 -0.027800 0.330581 0.943768 -0.004182 0.026889 -0.005011 0.999626 0.943394 -0.330569 -0.027034 0.000530
